00 //Initial loop value
08 //FORWARD
08
08
08
08
08
08
08
08
08
04 //BACKWARD
04
04
04
04
04
04
04
04
04
0A //FORWARD-LEFT
0A
0A
0A
0A
0A
0A
0A
0A
0A
05 //BACKWARD-RIGHT
05
05
05
05
05
05
05
05
05
09 //FORWARD-RIGHT
09
09
09
09
09
09
09
09
09
06 //BACKWARD-LEFT
06
06
06
06
06
06
06
06
06
3E //Max loop value
00
00
00
00
00
00
00
00
00
00
00
00
00
00
00
00
00
00
00
00
00
00
00
00
00
00
00
00
00
00
00
00
00
00
00
00
00
00
00
00
00
00
00
00
00
00
00
00
00
00
00
00
00
00
00
00
00
00
00
00
00
00
00
00
00
00
00